40 41 40 41 40 41 40 41 40 41 40 41 40 41 40 41 40 41 40 41 40 41 40 41 40 41 40 41 40 41 40 41 40 41 40 41 40 41 40 41 40 41 40 41 40 41
42 43 42 43 42 43 42 43 42 43 42 43 42 43 42 43 42 43 42 43 42 43 42 43 42 43 42 43 42 43 42 43 42 43 42 43 42 43 42 43 42 43 42 43 42 43
40 41 40 41 40 41 40 41 40 41 40 41 40 41 40 41 40 41 40 41 40 41 40 41 40 41 40 41 40 41 40 41 40 41 40 41 40 41 40 41 40 41 40 41 40 41
42 43 42 43 42 43 42 43 42 43 42 43 42 43 42 43 42 43 42 43 42 43 42 43 42 43 42 43 42 43 42 43 42 43 42 43 42 43 42 43 42 43 42 43 42 43
40 41 40 41 40 41 40 41 40 41 40 41 40 41 40 41 40 41 40 41 40 41 40 41 40 41 40 41 40 41 40 41 40 41 40 41 40 41 40 41 40 41 40 41 40 41
42 43 42 43 42 43 42 43 42 43 42 43 42 43 42 43 42 43 42 43 42 43 42 43 42 43 42 43 42 43 42 43 42 43 42 43 42 43 42 43 42 43 42 43 42 43
40 41 40 41 40 41 40 41 40 41 40 41 40 41 40 41 40 41 40 41 40 41 40 41 40 41 40 41 40 41 40 41 40 41 40 41 40 41 40 41 40 41 40 41 40 41
42 43 42 43 42 43 42 43 42 43 42 43 42 43 42 43 42 43 42 43 42 43 42 43 42 43 42 43 42 43 42 43 42 43 42 43 42 43 42 43 42 43 42 43 42 43
40 41 40 41 40 41 40 41 40 41 40 41 40 41 40 41 40 41 40 41 40 41 40 41 40 41 40 41 40 41 40 41 40 41 40 41 40 41 40 41 40 41 40 41 40 41
42 43 42 43 42 43 42 43 42 43 42 43 42 43 42 43 42 43 42 43 42 43 42 43 42 43 42 43 42 43 42 43 42 43 42 43 42 43 42 43 42 43 42 43 42 43
40 41 40 41 40 41 40 41 40 41 38 39 38 39 38 39 38 39 38 39 38 39 38 39 38 39 38 39 38 39 38 39 38 39 38 39 40 41 40 41 40 41 40 41 40 41
42 43 42 43 42 43 42 43 42 37 30 30 30 30 30 30 30 30 30 30 30 30 30 30 30 30 30 30 30 30 30 30 30 30 30 30 36 43 42 43 42 43 42 43 42 43
40 41 40 41 40 41 40 41 40 41 30 30 30 30 30 30 30 30 30 30 30 30 30 30 30 30 30 30 30 30 30 30 30 30 30 30 40 41 40 41 40 41 40 41 40 41
42 43 42 43 42 43 42 43 42 37 30 30 30 30 30 30 30 30 30 30 30 30 30 30 30 30 30 30 30 30 30 30 30 30 30 30 36 43 42 43 42 43 42 43 42 43
40 41 40 41 40 41 40 41 40 41 30 30 30 30 30 06 02 02 02 02 02 02 02 02 02 02 02 02 02 02 07 30 30 30 30 30 40 41 40 41 40 41 40 41 40 41
42 43 42 43 42 43 42 43 42 37 30 30 30 30 30 00 08 03 03 03 03 03 03 03 03 03 03 03 03 09 01 30 30 30 30 30 36 43 42 43 42 43 42 43 42 43
40 41 40 41 40 41 40 41 40 41 30 30 30 30 30 00 01 12 13 13 13 13 13 13 13 13 13 13 14 00 01 30 30 30 30 30 40 41 40 41 40 41 40 41 40 41
42 43 42 43 42 43 42 43 42 37 30 30 30 30 30 00 01 15 16 16 16 16 16 16 16 16 16 16 17 00 01 30 30 30 30 30 36 43 42 43 42 43 42 43 42 43
40 41 40 41 40 41 40 41 40 41 30 30 30 30 30 00 01 15 16 16 16 16 16 16 16 16 16 16 17 00 01 30 30 30 30 30 40 41 40 41 40 41 40 41 40 41
42 43 42 43 42 43 42 43 42 37 30 00 02 02 02 11 01 15 16 16 16 16 16 16 16 16 16 16 17 00 10 11 01 30 30 30 36 43 42 43 42 43 42 43 42 43
40 41 40 41 40 41 40 41 40 41 30 04 03 03 03 09 01 15 16 16 16 16 16 16 16 16 16 16 17 00 08 03 05 30 30 30 40 41 40 41 40 41 40 41 40 41
42 43 42 43 42 43 42 43 42 37 30 30 30 30 30 00 01 18 19 19 19 19 19 19 19 19 19 19 20 00 01 30 30 30 30 30 36 43 42 43 42 43 42 43 42 43
40 41 40 41 40 41 40 41 40 41 30 30 30 30 30 00 10 02 02 02 02 02 02 02 02 02 02 02 02 11 01 30 30 30 30 30 40 41 40 41 40 41 40 41 40 41
42 43 42 43 42 43 42 43 42 37 30 30 30 30 30 00 08 03 03 03 03 03 03 03 03 03 03 03 03 09 01 30 30 30 30 30 36 43 42 43 42 43 42 43 42 43
40 41 40 41 40 41 40 41 40 41 30 30 30 30 30 00 01 12 13 13 13 13 13 13 13 13 13 13 14 00 01 30 30 30 30 30 40 41 40 41 40 41 40 41 40 41
42 43 42 43 42 43 42 43 42 37 30 30 30 30 30 00 01 15 16 16 16 16 16 16 16 16 16 16 17 00 01 30 30 30 30 30 36 43 42 43 42 43 42 43 42 43
40 41 40 41 40 41 40 41 40 41 30 30 30 30 30 00 01 15 16 16 16 16 16 16 16 16 16 16 17 00 01 30 30 30 30 30 40 41 40 41 40 41 40 41 40 41
42 43 42 43 42 43 42 43 42 37 30 30 30 30 30 00 01 15 16 16 16 16 16 16 16 16 16 16 17 00 01 30 30 30 30 30 36 43 42 43 42 43 42 43 42 43
40 41 40 41 40 41 40 41 40 41 30 00 02 02 02 11 01 15 16 16 16 16 16 16 16 16 16 16 17 00 10 11 01 30 30 30 40 41 40 41 40 41 40 41 40 41
42 43 42 43 42 43 42 43 42 37 30 04 03 03 03 09 01 18 19 19 19 19 19 19 19 19 19 19 20 00 08 03 05 30 30 30 36 43 42 43 42 43 42 43 42 43
40 41 40 41 40 41 40 41 40 41 30 30 30 30 30 00 10 02 02 02 02 02 02 02 02 02 02 02 02 11 01 30 30 30 30 30 40 41 40 41 40 41 40 41 40 41
42 43 42 43 42 43 42 43 42 37 30 30 30 30 30 00 08 03 03 03 03 03 03 03 03 03 03 03 03 03 05 30 30 30 30 30 36 43 42 43 42 43 42 43 42 43
40 41 40 41 40 41 40 41 40 41 30 30 30 30 30 00 01 30 30 30 30 30 30 30 30 30 30 30 30 30 30 30 30 30 30 30 40 41 40 41 40 41 40 41 40 41
42 43 42 43 42 43 42 43 42 37 30 30 30 30 30 00 01 30 30 30 30 30 30 30 30 30 30 30 30 30 30 30 30 30 30 30 36 43 42 43 42 43 42 43 42 43
40 41 40 41 40 41 40 41 40 41 30 30 30 30 30 00 01 30 30 30 30 30 30 30 30 30 30 30 30 30 30 30 30 30 30 30 40 41 40 41 40 41 40 41 40 41
42 43 42 43 42 43 42 43 42 37 30 30 30 30 30 00 01 30 30 30 30 30 30 30 30 30 30 30 30 30 30 30 30 30 30 30 36 43 42 43 42 43 42 43 42 43
40 41 40 41 40 41 40 41 40 41 30 30 30 30 30 00 01 30 30 30 30 30 30 30 30 30 30 30 30 30 30 30 30 30 30 30 40 41 40 41 40 41 40 41 40 41
42 43 42 43 42 43 42 43 42 37 30 30 30 30 30 00 01 30 30 30 30 30 30 30 30 30 30 30 30 30 30 30 30 30 30 30 36 43 42 43 42 43 42 43 42 43
40 41 40 41 40 41 40 41 40 41 30 30 30 30 30 00 01 30 30 30 30 30 30 30 30 30 30 30 30 30 30 30 30 30 30 30 40 41 40 41 40 41 40 41 40 41
42 43 42 43 42 43 42 43 42 37 30 30 30 30 30 00 01 30 30 30 30 30 30 30 30 30 30 30 30 30 30 30 30 30 30 30 36 43 42 43 42 43 42 43 42 43
40 41 40 41 40 41 40 41 40 41 22 22 22 22 23 00 01 21 22 22 22 22 22 22 22 22 22 22 22 22 22 22 22 22 22 22 40 41 40 41 40 41 40 41 40 41
30 30 30 30 30 30 30 30 30 30 30 30 30 30 26 00 01 24 30 30 30 30 30 30 30 30 30 30 30 30 30 30 30 30 30 30 30 30 30 30 30 30 30 30 30 30
30 30 30 30 30 30 30 30 30 30 30 30 30 30 26 00 01 24 30 30 30 30 30 30 30 30 30 30 30 30 30 30 30 30 30 30 30 30 30 30 30 30 30 30 30 30
30 30 30 30 30 30 30 30 30 30 30 30 30 30 26 00 01 24 30 30 30 30 30 30 30 30 30 30 30 30 30 30 30 30 30 30 30 30 30 30 30 30 30 30 30 30
